progress a= 0 cnt= 137200 hits= 0
HIT (0, 1, 3, 4, 8, 9, 10, 11, 12, 13, 14, 15, 16, 17, 21, 22, 24, 25, 27, 30) test 214848
progress a= 1 cnt= 274400 hits= 1
progress a= 2 cnt= 411600 hits= 1
progress a= 3 cnt= 548800 hits= 1
HIT (0, 4, 5, 6, 7, 8, 9, 10, 11, 12, 13, 17, 18, 20, 21, 23, 26, 28, 29, 31) test 659444
progress a= 4 cnt= 686000 hits= 2
progress a= 5 cnt= 823200 hits= 2
progress a= 6 cnt= 960400 hits= 2
progress a= 7 cnt= 1097600 hits= 2
HIT (0, 1, 2, 3, 4, 5, 6, 7, 8, 9, 13, 14, 16, 17, 19, 22, 24, 25, 27, 28) test 1102931
progress a= 8 cnt= 1234800 hits= 3
progress a= 9 cnt= 1372000 hits= 3
progress a= 10 cnt= 1509200 hits= 3
progress a= 11 cnt= 1646400 hits= 3
progress a= 12 cnt= 1783600 hits= 3
HIT (0, 1, 2, 3, 4, 5, 9, 10, 12, 13, 15, 18, 20, 21, 23, 24, 28, 29, 30, 31) test 1804700
progress a= 13 cnt= 1920800 hits= 4
progress a= 14 cnt= 2058000 hits= 4
HIT (0, 1, 3, 6, 8, 9, 11, 12, 16, 17, 18, 19, 20, 21, 22, 23, 24, 25, 29, 30) test 2154760
progress a= 15 cnt= 2195200 hits= 5
progress a= 16 cnt= 2332400 hits= 5
progress a= 17 cnt= 2469600 hits= 5
progress a= 18 cnt= 2606800 hits= 5
HIT (0, 1, 5, 6, 8, 9, 11, 14, 16, 17, 19, 20, 24, 25, 26, 27, 28, 29, 30, 31) test 2649564
progress a= 19 cnt= 2744000 hits= 6
progress a= 20 cnt= 2881200 hits= 6
progress a= 21 cnt= 3018400 hits= 6
HIT (2, 4, 5, 7, 8, 12, 13, 14, 15, 16, 17, 18, 19, 20, 21, 25, 26, 28, 29, 31) test 3147668
progress a= 22 cnt= 3155600 hits= 7
progress a= 23 cnt= 3292800 hits= 7
progress a= 24 cnt= 3430000 hits= 7
progress a= 25 cnt= 3567200 hits= 7
HIT (1, 2, 4, 5, 7, 10, 12, 13, 15, 16, 20, 21, 22, 23, 24, 25, 26, 27, 28, 29) test 3632489
progress a= 26 cnt= 3704400 hits= 8
progress a= 27 cnt= 3841600 hits= 8
DONE c0=0 hits: 8 scanned 3841600
PAT (0, 1, 3, 4, 8, 9, 10, 11, 12, 13, 14, 15, 16, 17, 21, 22, 24, 25, 27, 30)
PAT (0, 4, 5, 6, 7, 8, 9, 10, 11, 12, 13, 17, 18, 20, 21, 23, 26, 28, 29, 31)
PAT (0, 1, 2, 3, 4, 5, 6, 7, 8, 9, 13, 14, 16, 17, 19, 22, 24, 25, 27, 28)
PAT (0, 1, 2, 3, 4, 5, 9, 10, 12, 13, 15, 18, 20, 21, 23, 24, 28, 29, 30, 31)
PAT (0, 1, 3, 6, 8, 9, 11, 12, 16, 17, 18, 19, 20, 21, 22, 23, 24, 25, 29, 30)
PAT (0, 1, 5, 6, 8, 9, 11, 14, 16, 17, 19, 20, 24, 25, 26, 27, 28, 29, 30, 31)
PAT (2, 4, 5, 7, 8, 12, 13, 14, 15, 16, 17, 18, 19, 20, 21, 25, 26, 28, 29, 31)
PAT (1, 2, 4, 5, 7, 10, 12, 13, 15, 16, 20, 21, 22, 23, 24, 25, 26, 27, 28, 29)
