n=128 p=1716841910146256242328924544641

signature=(381, 3, 1) delta=3054 template_count=2
  count=64 template=((381, ((0, 1),)), (3, ((0, -2), (21, 1))), (1, ((43, -3),)))
  count=64 template=((381, ((0, -1),)), (3, ((0, 2), (21, -1))), (1, ((43, 3),)))

signature=(6, 3, 3) delta=90 template_count=12
  count=22 template=((6, ((0, -1), (21, -1), (42, 1))), (3, ((0, 2), (21, 1))), (3, ((0, -1), (21, 2))))
  count=22 template=((6, ((0, -1), (21, 1), (42, -1))), (3, ((0, 2), (42, -1))), (3, ((0, -1), (21, -2))))
  count=22 template=((6, ((0, 1), (21, -1), (42, 1))), (3, ((0, 1), (21, 2))), (3, ((0, -2), (42, 1))))
  count=22 template=((6, ((0, 1), (21, 1), (42, -1))), (3, ((0, 1), (21, -2))), (3, ((0, -2), (21, -1))))
  count=21 template=((6, ((0, -1), (21, 1), (43, 1))), (3, ((0, 2), (43, 1))), (3, ((0, 1), (43, -2))))
  count=21 template=((6, ((0, -1), (21, 1), (43, -1))), (3, ((21, 1), (43, 2))), (3, ((0, 2), (43, -1))))
  count=21 template=((6, ((0, 1), (22, -1), (43, 1))), (3, ((22, -1), (43, -2))), (3, ((0, 1), (22, 2))))
  count=21 template=((6, ((0, 1), (22, 1), (43, 1))), (3, ((22, 1), (43, -2))), (3, ((22, -2), (43, -1))))

signature=(6, 3) delta=36 template_count=726
  count=43 template=((6, ((0, -1), (1, 1), (21, 1))), (3, ((0, 2), (1, 1))))
  count=43 template=((6, ((0, -1), (2, 1), (21, 1))), (3, ((0, 2), (2, 1))))
  count=43 template=((6, ((0, -1), (3, 1), (21, 1))), (3, ((0, 2), (3, 1))))
  count=43 template=((6, ((0, -1), (4, 1), (21, 1))), (3, ((0, 2), (4, 1))))
  count=43 template=((6, ((0, -1), (5, 1), (21, 1))), (3, ((0, 2), (5, 1))))
  count=43 template=((6, ((0, -1), (6, 1), (21, 1))), (3, ((0, 2), (6, 1))))
  count=43 template=((6, ((0, -1), (7, 1), (21, 1))), (3, ((0, 2), (7, 1))))
  count=43 template=((6, ((0, -1), (8, 1), (21, 1))), (3, ((0, 2), (8, 1))))
