
########## n=16  (p_min = 17) ##########
       p  real?  minDef   nReal |  density  minGapN  maxGapN  minPair  clDiamN allRes
-------------------------------------------------------------------------------------
      17    YES       0     160 |   0.9412   0.9412    1.882        1   0.9412      1
      97     no       1       0 |   0.1649   0.3299    2.309        2   0.7835      0
     113     no       1       0 |   0.1416   0.2832    2.407        2   0.4602      0
     193     no       1       0 |   0.0829   0.1658    2.570        2   0.2487      0
     241     no       1       0 |   0.0664   0.1328    2.324        2   0.6307      0
     257     no       1       0 |   0.0623   0.0623    3.984        1   0.0934      0
     337     no       1       0 |   0.0475   0.0950    1.947        2   0.7122      0
     353     no       1       0 |   0.0453   0.0907    5.484        2   0.3853      0
     401     no       1       0 |   0.0399   0.0798    2.115        2   0.4589      0
     433     no       1       0 |   0.0370   0.0739    2.882        2   0.3233      0
     449     no       1       0 |   0.0356   0.0713    3.492        2   0.4900      0
     577     no       1       0 |   0.0277   0.0555    5.685        2   0.3536      0
     593     no       1       0 |   0.0270   0.0540    4.722        2   0.4250      0
     641     no       1       0 |   0.0250   0.0499    2.396        2   0.3495      0
     673     no       1       0 |   0.0238   0.0475    2.782        2   0.3863      0
     769     no       1       0 |   0.0208   0.0416    3.059        2   0.3017      0
     881     no       1       0 |   0.0182   0.0363    1.943        2   0.5221      0
     929     no       1       0 |   0.0172   0.0344    4.840        2   0.2024      0
     977     no       1       0 |   0.0164   0.0328    2.407        2   0.5404      0
    1009     no       1       0 |   0.0159   0.0317    3.520        2   0.2696      0
    1153     no       1       0 |   0.0139   0.0278    4.538        2   0.3088      0
    1201     no       1       0 |   0.0133   0.0266    3.397        2   0.1865      0
    1217     no       1       0 |   0.0131   0.0263    3.379        2   0.6343      0
    1249     no       1       0 |   0.0128   0.0256    2.741        2   0.3523      0
    1297     no       1       0 |   0.0123   0.0247    4.552        2   0.1295      0
    1361     no       1       0 |   0.0118   0.0235    3.092        2   0.3380      0
    1409     no       1       0 |   0.0114   0.0227    5.735        2   0.2356      0
    1489     no       1       0 |   0.0107   0.0215    1.999        2   0.4244      0
    1553     no       1       0 |   0.0103   0.0206    2.153        2   0.8422      0
    1601     no       1       0 |   0.0100   0.0200    2.658        2   0.7420      0
    1697     no       1       0 |   0.0094   0.0189    3.988        2   0.2876      0
    1777     no       1       0 |   0.0090   0.0180    2.836        2   0.4277      0
    1873     no       1       0 |   0.0085   0.0171    2.674        2   0.6962      0
    1889     no       1       0 |   0.0085   0.0169    2.211        2   0.6035      0
    2017     no       1       0 |   0.0079   0.0159    1.761        2   0.6683      0
    2081     no       1       0 |   0.0077   0.0154    4.383        2   0.4632      0
    2113     no       1       0 |   0.0076   0.0151    2.143        2   0.7724      0
    2129     no       1       0 |   0.0075   0.0150    3.284        2   0.6876      0
    2161     no       1       0 |   0.0074   0.0148    3.672        2   0.4276      0
    2273     no       1       0 |   0.0070   0.0141    2.217        2   0.5262      0
    2417     no       1       0 |   0.0066   0.0132    2.529        2   0.3939      0
    2593     no       1       0 |   0.0062   0.0123    4.671        2   0.1419      0
    2609     no       1       0 |   0.0061   0.0123    2.741        2   0.7068      0
    2657     no       1       0 |   0.0060   0.0120    4.233        2   0.4275      0
    2689     no       1       0 |   0.0060   0.0119    2.410        2   0.6426      0
    2753     no       1       0 |   0.0058   0.0116    1.726        2   0.6655      0
    2801     no       1       0 |   0.0057   0.0114    2.325        2   0.2928      0
    2833     no       1       0 |   0.0056   0.0113    3.101        2   0.6594      0
    2897     no       1       0 |   0.0055   0.0110    2.226        2   0.5274      0
    3041     no       1       0 |   0.0053   0.0105    3.041        2   0.3473      0
    3089     no       1       0 |   0.0052   0.0104    2.781        2   0.7161      0
    3121     no       1       0 |   0.0051   0.0103    5.798        2   0.2461      0
    3137     no       1       0 |   0.0051   0.0102    2.316        2   0.2078      0
    3169     no       1       0 |   0.0050   0.0101    3.570        2   0.4279      0
    3217     no       1       0 |   0.0050   0.0099    3.447        2   0.4451      0
    3313     no       1       0 |   0.0048   0.0097    6.969        2   0.2922      0
    3329     no       1       0 |   0.0048   0.0096    2.836        2   0.8050      0
    3361     no       1       0 |   0.0048   0.0095    3.575        2   0.1035      0
    3457     no       1       0 |   0.0046   0.0093    2.467        2   0.0960      0
    3617     no       1       0 |   0.0044   0.0088    4.118        2   0.5474      0

  --- threshold analysis (is there tau separating p_min from the rest?) ---
            density: SEPARATES-HIGH (bad>=0.9412 > good<=0.1649)   [good-seq mono-dec]
         minGapNorm: SEPARATES-HIGH (bad>=0.9412 > good<=0.3299)   [good-seq NON-monotone]
         maxGapNorm: does NOT separate   [good-seq NON-monotone]
         minPairAbs: does NOT separate   [good-seq NON-monotone]
    clusterDiamNorm: SEPARATES-HIGH (bad>=0.9412 > good<=0.8422)   [good-seq NON-monotone]

### n=16  floor-bad = {17} (exact) -- packing stats only ###
       p  bad? |  density  minGapN  maxGapN  minPair  clDiamN allRes
      17   BAD |   0.9412   0.9412    1.882        1   0.9412      1
      97  good |   0.1649   0.3299    2.309        2   0.7835      0
     113  good |   0.1416   0.2832    2.407        2   0.4602      0
     193  good |   0.0829   0.1658    2.570        2   0.2487      0
     241  good |   0.0664   0.1328    2.324        2   0.6307      0
     257  good |   0.0623   0.0623    3.984        1   0.0934      0
     337  good |   0.0475   0.0950    1.947        2   0.7122      0
     353  good |   0.0453   0.0907    5.484        2   0.3853      0
     401  good |   0.0399   0.0798    2.115        2   0.4589      0
     433  good |   0.0370   0.0739    2.882        2   0.3233      0
     449  good |   0.0356   0.0713    3.492        2   0.4900      0
     577  good |   0.0277   0.0555    5.685        2   0.3536      0
     593  good |   0.0270   0.0540    4.722        2   0.4250      0
     641  good |   0.0250   0.0499    2.396        2   0.3495      0
            density: SEP-HIGH  bad=0.9412  good in [0.0250,0.1649]
         minGapNorm: SEP-HIGH  bad=0.9412  good in [0.0499,0.3299]
         maxGapNorm: SEP-LOW  bad=1.8824  good in [1.9466,5.6846]
         minPairAbs: NO-SEP   bad=1.0000  good in [1.0000,2.0000]
    clusterDiamNorm: SEP-HIGH  bad=0.9412  good in [0.0934,0.7835]

### n=32  floor-bad = {97} (exact) -- packing stats only ###
       p  bad? |  density  minGapN  maxGapN  minPair  clDiamN allRes
      97   BAD |   0.3299   0.3299    2.639        1   0.6598      0
     193  good |   0.1658   0.1658    5.140        1   0.4767      0
     257  good |   0.1245   0.1245    6.475        1   0.2957      0
     353  good |   0.0907   0.0907    7.161        1   0.5212      0
     449  good |   0.0713   0.0713    6.557        1   0.5434      0
     577  good |   0.0555   0.1109    3.106        2   0.4714      0
     641  good |   0.0499   0.0998    4.044        2   0.2559      0
     673  good |   0.0475   0.0951    2.615        2   0.6122      0
     769  good |   0.0416   0.0832    3.079        2   0.5202      0
     929  good |   0.0344   0.0689    2.377        2   0.6329      0
    1153  good |   0.0278   0.0555    2.553        2   0.6765      0
    1217  good |   0.0263   0.0526    3.602        2   0.6343      0
    1249  good |   0.0256   0.0512    4.253        2   0.8231      0
    1409  good |   0.0227   0.0454    5.383        2   0.4031      0
            density: SEP-HIGH  bad=0.3299  good in [0.0227,0.1658]
         minGapNorm: SEP-HIGH  bad=0.3299  good in [0.0454,0.1658]
         maxGapNorm: NO-SEP   bad=2.6392  good in [2.3767,7.1615]
         minPairAbs: NO-SEP   bad=1.0000  good in [1.0000,2.0000]
    clusterDiamNorm: NO-SEP   bad=0.6598  good in [0.2559,0.8231]

### n=64  floor-bad = {193} (CONJECTURAL) -- packing stats only ###
       p  bad? |  density  minGapN  maxGapN  minPair  clDiamN allRes
     193   BAD |   0.3316   0.3316    3.316        1   0.7876      0
     257  good |   0.2490   0.2490    3.984        1   0.6070      0
     449  good |   0.1425   0.1425    3.849        1   0.7038      0
     577  good |   0.1109   0.2218    4.991        2   0.7210      0
     641  good |   0.0998   0.0998    4.094        1   0.2808      0
     769  good |   0.0832   0.1664    2.996        2   0.6554      0
    1153  good |   0.0555   0.1110    2.942        2   0.8049      0
    1217  good |   0.0526   0.1052    7.205        2   0.6212      0
    1409  good |   0.0454   0.0908    6.541        2   0.5536      0
    1601  good |   0.0400   0.0800    2.878        2   0.7046      0
    2113  good |   0.0303   0.0606    4.725        2   0.8538      0
    2689  good |   0.0238   0.0476    2.547        2   0.8672      0
            density: SEP-HIGH  bad=0.3316  good in [0.0238,0.2490]
         minGapNorm: SEP-HIGH  bad=0.3316  good in [0.0476,0.2490]
         maxGapNorm: NO-SEP   bad=3.3161  good in [2.5467,7.2046]
         minPairAbs: NO-SEP   bad=1.0000  good in [1.0000,2.0000]
    clusterDiamNorm: NO-SEP   bad=0.7876  good in [0.2808,0.8672]

### UNIFORM-THRESHOLD FEASIBILITY: does a fixed tau separate p_min from p_2 across n? ###
      n     p_min       p_2 |  n/p_min    n/p_2
      4         5        13 |   0.8000   0.3077
      8        17        41 |   0.4706   0.1951
     16        17        97 |   0.9412   0.1649
     32        97       193 |   0.3299   0.1658
     64       193       257 |   0.3316   0.2490
    128       257       641 |   0.4981   0.1997
    256       257       769 |   0.9961   0.3329
    512      7681     10753 |   0.0667   0.0476
   1024     12289     13313 |   0.0833   0.0769
   2048     12289     18433 |   0.1667   0.1111
   4096     12289     40961 |   0.3333   0.1000
   8192     40961     65537 |   0.2000   0.1250
  16384     65537    114689 |   0.2500   0.1429
  32768     65537    163841 |   0.5000   0.2000

  A fixed tau must satisfy  tau <= n/p_min (all n)  AND  tau > n/p_2 (all n).
  min_n (n/p_min) = 0.0667   at n=512 (p_min=7681)
  max_n (n/p_2)   = 0.3329   at n=256 (p_2=769)
  UNIFORM tau exists?  need 0.3329 < 0.0667  ->  False
  COUNTERMODEL: n/p_2(256) = 256/769 = 0.3329  >  n/p_min(512) = 512/7681 = 0.0667
    i.e. 256*7681 = 1966336  >  512*769 = 393728
    => a NON-least prime (769, at n=256) is DENSER than a LEAST prime (7681=p_min(512)).
