n=64 p=926510094425921

signature=(189, 3, 1) delta=1518 template_count=2
  count=32 template=((189, ((0, 1),)), (3, ((0, -2), (21, 1))), (1, ((11, -3),)))
  count=32 template=((189, ((0, -1),)), (3, ((0, 2), (21, -1))), (1, ((11, 3),)))

signature=(6, 3, 3) delta=90 template_count=12
  count=11 template=((6, ((0, -1), (10, 1), (21, 1))), (3, ((0, 2), (10, 1))), (3, ((0, -1), (21, -2))))
  count=11 template=((6, ((0, -1), (11, 1), (21, 1))), (3, ((0, 2), (11, 1))), (3, ((0, 1), (11, -2))))
  count=11 template=((6, ((0, -1), (10, -1), (21, -1))), (3, ((0, 2), (21, 1))), (3, ((0, -1), (21, 2))))
  count=11 template=((6, ((0, -1), (11, -1), (21, 1))), (3, ((11, 2), (21, 1))), (3, ((0, 2), (11, -1))))
  count=11 template=((6, ((0, 1), (10, 1), (21, 1))), (3, ((0, 1), (21, -2))), (3, ((0, -2), (21, -1))))
  count=11 template=((6, ((0, 1), (11, 1), (21, -1))), (3, ((11, -2), (21, -1))), (3, ((0, -2), (11, 1))))
  count=11 template=((6, ((0, 1), (10, -1), (21, -1))), (3, ((0, 1), (21, 2))), (3, ((0, -2), (10, -1))))
  count=11 template=((6, ((0, 1), (11, -1), (21, -1))), (3, ((0, -1), (11, 2))), (3, ((0, -2), (11, -1))))

signature=(6, 3) delta=36 template_count=342
  count=21 template=((6, ((0, 1), (1, 1), (11, 1))), (3, ((1, 1), (11, -2))))
  count=21 template=((6, ((0, 1), (2, 1), (11, 1))), (3, ((2, 1), (11, -2))))
  count=21 template=((6, ((0, 1), (3, 1), (11, 1))), (3, ((3, 1), (11, -2))))
  count=21 template=((6, ((0, 1), (4, 1), (11, 1))), (3, ((4, 1), (11, -2))))
  count=21 template=((6, ((0, 1), (5, 1), (11, 1))), (3, ((5, 1), (11, -2))))
  count=21 template=((6, ((0, 1), (6, 1), (11, 1))), (3, ((6, 1), (11, -2))))
  count=21 template=((6, ((0, 1), (7, 1), (11, 1))), (3, ((7, 1), (11, -2))))
  count=21 template=((6, ((0, 1), (8, 1), (11, 1))), (3, ((8, 1), (11, -2))))
